***MODEL IS rel_size***
overall average sem score: [0.9999999403953552, 1.0, 0.8362172245979309, 0.7360836267471313, 1.0, 1.0, 1.0000001192092896, 1.0, 0.9999998807907104, 1.0, 0.9999999403953552, 0.9999999403953552, 0.800331711769104, 1.0, 1.0, 0.7755459547042847, 1.0, 0.8241344690322876, 1.0, 1.0, 1.0, 1.0, 0.8687692880630493, 0.9999999403953552, 1.0, 1.0, 0.7654474377632141, 1.0, 0.8543622493743896, 1.0, 1.0, 0.9999999403953552, 1.0, 0.998429536819458, 1.0, 1.0000001192092896, 0.9960064888000488, 0.8673412799835205, 0.8512539863586426, 0.6647038459777832, 0.8520208597183228, 0.9999999403953552, 0.9748959541320801, 0.9999999403953552, 1.0000001192092896, 0.6044414639472961, 0.9999998807907104, 0.9999998807907104, 0.9999999403953552, 1.0000001192092896, 0.7760354280471802, 0.9999998807907104, 1.0, 1.0, 0.36354726552963257, 0.1886415183544159, 0.5175060629844666, 0.57070392370224, 0.09058357775211334, 0.8428922891616821, 0.6352655291557312, 0.9347249269485474, 0.7576206922531128, 0.9999999403953552, 0.9716038703918457, 0.9728948473930359, 0.9577026963233948, 0.9644688963890076, 0.9805449843406677, 0.9676070213317871, 0.7928978800773621, 0.9999999403953552, 1.0000001192092896, 0.8052331209182739, 0.8896193504333496, 1.0, 1.0, 1.0, 0.9999998807907104, 1.0, 0.9999999403953552, 1.0, 1.0000001192092896, 0.9999999403953552, 0.7831775546073914, 1.0, 1.0000001192092896, 0.7752719521522522, 1.0, 0.9999998807907104, 1.0, 1.0, 0.8786938786506653, 0.7947591543197632, 0.9592434167861938, 0.9294019937515259, 0.9294019937515259, 0.9294019937515259, 0.8681955337524414, 0.7464723587036133, 1.0, 1.0, 0.9999999403953552, 1.0000001192092896, 1.0, 1.0, 0.8117905855178833, 1.000000238418579, 0.8354729413986206, 1.0000001192092896, 0.9999998807907104, 1.0000001192092896, 0.9999999403953552, 0.9999999403953552, 0.8051056861877441, 0.9999999403953552, 0.9458211660385132, 0.5834623575210571, 0.9458211660385132, 0.941697359085083]
rel_size average sem score: [0.9999999403953552, 1.0000001192092896, 0.8362172842025757, 0.7360836267471313, 0.842892050743103, 0.6352651715278625, 0.9347250461578369, 0.7576203346252441, 1.0, 0.8052331209182739, 0.8896193504333496, 1.0, 1.0, 1.0, 0.8786938786506653, 0.7947591543197632]
can_do_it average sem score: [1.0, 1.0, 1.0, 1.0, 0.9999998807907104, 1.0, 0.9999999403953552, 0.9999999403953552, 0.800331711769104, 1.0, 1.0, 0.7755459547042847, 1.0, 0.8241344690322876, 1.0, 1.0, 1.0000001192092896, 1.0, 0.8687692880630493, 0.9999998807907104, 0.9999999403953552]
is_a_dif average sem score: [0.998429536819458, 1.0, 1.0000001192092896, 0.9960064888000488, 0.8673412799835205, 0.8512539863586426, 0.6647038459777832, 0.8520208597183228, 0.9999999403953552, 0.9592432975769043, 0.9294021129608154, 0.9294021129608154, 0.9294021129608154, 0.868195652961731, 1.0, 1.0, 0.8051056265830994, 1.0000001192092896, 0.9458211660385132, 0.5834622979164124, 0.9458211660385132, 0.941697359085083]
risky average sem score: [1.0000001192092896, 0.7654474973678589, 0.9999998807907104, 0.8543622493743896, 1.0, 1.0000001192092896, 1.0, 1.000000238418579, 0.9999999403953552, 0.9999999403953552, 1.0, 1.0000001192092896]
equip average sem score: [1.0, 1.0, 1.0, 0.7760353088378906, 1.0, 1.0, 0.9999999403953552, 0.3635469973087311, 0.1886419653892517, 0.5175062417984009, 0.5707040429115295, 0.09058321267366409]
obj_facts average sem score: [1.0, 1.0, 1.0, 1.0000001192092896, 1.0, 0.9999999403953552, 0.8117904663085938, 0.9999998807907104, 0.8354729413986206, 1.0, 0.9999998807907104, 1.0000001192092896]
quake average sem score: [0.9748959541320801, 1.0, 0.9999998807907104, 0.60444176197052, 1.0]
instr average sem score: [1.0, 0.9716038703918457, 0.9728948473930359, 0.9577026963233948, 0.9644688963890076, 0.9805449843406677, 0.9676070213317871, 0.7928978800773621, 0.9999999403953552, 0.9999998807907104, 0.9999999403953552, 1.0, 0.9999998807907104, 0.783177375793457, 0.9999998807907104, 1.0, 0.7752719521522522, 1.0000001192092896, 1.0]

***MODEL IS can_do_it***
overall average sem score: [0.9999999403953552, 1.0, 1.0, 0.7360836267471313, 1.0, 1.0, 1.0000001192092896, 1.0, 0.9999998807907104, 1.0, 0.9999999403953552, 0.9999999403953552, 0.800331711769104, 1.0, 1.0, 1.0, 1.0, 0.9999999403953552, 1.0, 1.0, 1.0, 1.0, 1.0, 0.9999999403953552, 1.0, 1.0, 1.0, 1.0, 0.9999999403953552, 1.0, 0.7975168228149414, 0.9999999403953552, 1.0, 0.998429536819458, 0.9983826875686646, 1.0000001192092896, 0.9960064888000488, 1.0, 1.0000001192092896, 0.9999998807907104, 0.8576072454452515, 0.9999999403953552, 0.9748959541320801, 0.9999999403953552, 1.0000001192092896, 0.6044414639472961, 0.9999998807907104, 0.9999998807907104, 1.0, 1.0, 0.9999998807907104, 1.0, 0.9999998807907104, 1.0, -0.0933334156870842, 0.41945478320121765, 0.3035277724266052, 0.28175342082977295, 0.09058354049921036, 0.9719288349151611, 0.893792986869812, 1.0, 0.5556067228317261, 0.8402225971221924, 0.9716038703918457, 0.9728948473930359, 0.9577026963233948, 0.9644688963890076, 0.9805449843406677, 0.9676070213317871, 1.0, 0.9999999403953552, 1.0000001192092896, 0.8055996894836426, 1.0, 0.8254718780517578, 0.2399466335773468, 1.0, 1.0, 0.7725517153739929, 0.9999999403953552, 1.0, 1.0000001192092896, 0.8529880046844482, 0.7831775546073914, 1.0, 1.0000001192092896, 0.9999999403953552, 1.0, 0.9999998807907104, 0.12609511613845825, 0.8735279440879822, 1.0000001192092896, 0.7947590947151184, 0.9592434167861938, 0.9294020533561707, 0.9294019937515259, 0.9294019937515259, 0.8681955337524414, 1.0, 1.0, 1.0, 0.9999999403953552, 1.0000001192092896, 1.0, 1.0, 0.8117905855178833, 1.000000238418579, 0.8354729413986206, 1.0000001192092896, 0.9999998807907104, 1.0000001192092896, 0.9999999403953552, 0.9999999403953552, 0.9999998807907104, 0.9999999403953552, 0.9999998807907104, 0.657270073890686, 0.820428729057312, 1.0]
rel_size average sem score: [0.9999999403953552, 1.0, 1.0, 0.7360836267471313, 0.9719287157058716, 0.8937931060791016, 0.9999999403953552, 0.5556066632270813, 1.0, 0.8055996894836426, 1.0, 0.8254719376564026, 0.12609511613845825, 0.8735279440879822, 1.0000001192092896, 0.7947590947151184]
can_do_it average sem score: [1.0, 1.0, 1.0, 1.0, 0.9999998807907104, 1.0, 0.9999999403953552, 0.9999999403953552, 0.800331711769104, 1.0, 1.0, 1.0, 1.0, 0.9999999403953552, 1.0, 1.0, 1.0000001192092896, 1.0, 1.0, 0.9999998807907104, 0.9999999403953552]
is_a_dif average sem score: [0.998429536819458, 0.9983826875686646, 1.0000001192092896, 0.9960064888000488, 1.0, 1.0000001192092896, 0.9999998807907104, 0.8576071858406067, 0.9999999403953552, 0.9592432975769043, 0.9294021129608154, 0.9294021129608154, 0.9294021129608154, 0.868195652961731, 1.0, 1.0, 0.9999999403953552, 1.0, 0.9999999403953552, 0.657270073890686, 0.8204286098480225, 1.0]
risky average sem score: [1.0000001192092896, 1.0, 0.9999998807907104, 0.9999999403953552, 1.0, 0.7975168228149414, 1.0, 1.000000238418579, 0.2399464249610901, 0.9999999403953552, 1.0, 0.7725517153739929]
equip average sem score: [1.0000001192092896, 1.0, 0.9999999403953552, 1.0, 0.9999999403953552, 0.9999998807907104, 1.0, -0.0933334156870842, 0.41945505142211914, 0.30352795124053955, 0.2817533612251282, 0.09058321267366409]
obj_facts average sem score: [1.0, 1.0, 1.0, 1.0000001192092896, 1.0, 0.9999999403953552, 0.8117904663085938, 0.9999998807907104, 0.8354729413986206, 1.0, 0.9999998807907104, 1.0000001192092896]
quake average sem score: [0.9748959541320801, 1.0, 0.9999998807907104, 0.60444176197052, 1.0]
instr average sem score: [0.8402227163314819, 0.9716038703918457, 0.9728948473930359, 0.9577026963233948, 0.9644688963890076, 0.9805449843406677, 0.9676070213317871, 1.0, 0.9999999403953552, 0.9999998807907104, 0.9999999403953552, 1.0, 0.852988064289093, 0.783177375793457, 0.9999998807907104, 1.0, 1.0, 1.0000001192092896, 1.0]

***MODEL IS is_a_dif***
overall average sem score: [0.9999999403953552, 1.0, 0.8362172245979309, 0.9999998807907104, 1.0, 1.0, 1.0000001192092896, 0.7835084199905396, 0.9999998807907104, 1.0, 0.9999999403953552, 0.8507921695709229, 0.800331711769104, 1.0, 1.0, 1.0, 1.0, 0.8241344690322876, 1.0, 1.0, 1.0, 1.0, 0.847464919090271, 0.9999999403953552, 0.7545470595359802, 1.0, 1.0, 1.0, 0.9999999403953552, 1.0, 0.7975168228149414, 0.9999999403953552, 1.0, 0.998429536819458, 0.9983826875686646, 0.9972879886627197, 0.8581771850585938, 0.738369345664978, 0.8512539863586426, 0.6647038459777832, 0.9999998807907104, 0.9999999403953552, 0.9748959541320801, 0.9999999403953552, 1.0000001192092896, 0.6044414639472961, 0.9999998807907104, 0.9999998807907104, 1.0, 0.9999999403953552, 0.9999998807907104, 1.0, 0.9999999403953552, 1.0, 0.3635472059249878, 0.14953643083572388, 0.23260736465454102, 0.23922599852085114, 0.09058349579572678, 0.9175461530685425, 0.8937931656837463, 0.9347249269485474, 0.9175461530685425, 0.9999998807907104, 0.9716038703918457, 0.9728948473930359, 0.9577026963233948, 0.9644688963890076, 0.9805449843406677, 0.9676070213317871, 0.7928978800773621, 0.9999999403953552, 0.7971394062042236, 1.0, 0.8151679039001465, 1.0, 0.7916851043701172, 1.0, 0.9999998807907104, 0.7976740598678589, 0.9999999403953552, 1.0, 0.7924375534057617, 0.8041528463363647, 0.7694290280342102, 1.0, 1.0000001192092896, 0.7852708101272583, 0.8081873655319214, 0.7341964244842529, 0.8642600178718567, 1.0, 1.0000001192092896, 0.8517062067985535, 0.9592434167861938, 0.8681955337524414, 0.9294019937515259, 0.9294019937515259, 0.8681955337524414, 0.7464723587036133, 1.0, 1.0, 0.9999999403953552, 1.0000001192092896, 1.0, 0.793795108795166, 0.8117905855178833, 1.0000001192092896, 0.8354729413986206, 1.0, 0.8359984159469604, 1.0, 0.9999999403953552, 0.9999999403953552, 0.9999998807907104, 0.9999999403953552, 0.9458211660385132, 0.5834623575210571, 0.6003639101982117, 0.941697359085083]
rel_size average sem score: [0.9999999403953552, 1.0, 0.8362172245979309, 0.9999998807907104, 0.9175459146499634, 0.8937931060791016, 0.9347249865531921, 0.9175459146499634, 0.7971392869949341, 1.0, 0.8151678442955017, 1.0, 0.8642600178718567, 1.0, 1.0000001192092896, 0.8517062067985535]
can_do_it average sem score: [1.0, 1.0, 1.0, 0.7835084199905396, 0.9999998807907104, 1.0, 0.9999999403953552, 0.8507921695709229, 0.800331711769104, 1.0, 1.0, 1.0, 1.0, 0.8241344690322876, 1.0, 1.0, 1.0000001192092896, 1.0, 0.8474647998809814, 0.9999998807907104, 0.7545467615127563]
is_a_dif average sem score: [0.998429536819458, 0.9983826875686646, 0.9972879886627197, 0.8581771850585938, 0.738369345664978, 0.8512539863586426, 0.6647038459777832, 0.9999998807907104, 0.9999999403953552, 0.9592432975769043, 0.868195652961731, 0.9294021129608154, 0.9294021129608154, 0.868195652961731, 1.0, 1.0, 1.0, 1.0000001192092896, 0.9458211660385132, 0.5834622979164124, 0.6003637909889221, 0.941697359085083]
risky average sem score: [1.0000001192092896, 1.0, 0.9999998807907104, 0.9999999403953552, 1.0, 0.7975168228149414, 1.0, 1.000000238418579, 0.7916852235794067, 0.9999998807907104, 1.0000001192092896, 0.7976739406585693]
equip average sem score: [1.0, 1.0, 1.0, 1.0, 1.0, 1.0, 0.9999999403953552, 0.3635469973087311, 0.14953693747520447, 0.23260736465454102, 0.23922616243362427, 0.09058307111263275]
obj_facts average sem score: [1.0, 1.0, 1.0, 1.0000001192092896, 1.0, 0.793795108795166, 0.8117904663085938, 0.9999998807907104, 0.8354730010032654, 1.0, 0.8359983563423157, 1.0000001192092896]
quake average sem score: [0.9748959541320801, 1.0, 0.9999998807907104, 0.60444176197052, 1.0]
instr average sem score: [1.0, 0.9716038703918457, 0.9728948473930359, 0.9577026963233948, 0.9644688963890076, 0.9805449843406677, 0.9676070213317871, 0.7928978800773621, 0.9999999403953552, 0.9999998807907104, 0.9999999403953552, 0.7924375534057617, 0.80415278673172, 0.769429087638855, 0.9999998807907104, 1.0, 0.7852708101272583, 0.8081874847412109, 0.7341964244842529]

***MODEL IS risky***
overall average sem score: [1.0, 1.0, 0.7866652011871338, 0.7360835075378418, 1.0, 1.0, 1.0, 1.0000001192092896, 0.9999998807907104, 1.0, 0.9999999403953552, 0.9999999403953552, 0.800331711769104, 1.0, 1.0, 1.0, 1.0, 0.9999999403953552, 1.0, 1.0, 1.0, 0.741317868232727, 0.847464919090271, 0.9999999403953552, 1.0, 1.0, 0.7654474377632141, 1.0, 0.9999999403953552, 1.0, 0.7975168228149414, 0.9999999403953552, 1.0, 0.998429536819458, 0.9983826875686646, 0.9972879886627197, 0.9960064888000488, 1.0, 1.0000001192092896, 0.9974081516265869, 0.8520208597183228, 0.9999999403953552, 0.9748959541320801, 0.9999999403953552, 1.0000001192092896, 0.6044414639472961, 0.9999998807907104, 0.9999998807907104, 1.0, 0.9946815371513367, 0.9919539093971252, 1.0, 1.0, 1.0, 0.36354708671569824, 0.4194544553756714, 0.5175060629844666, 0.57070392370224, 0.09058357775211334, 0.7072939872741699, 0.7592145204544067, 1.0, 0.9277157783508301, 0.9999999403953552, 0.743453860282898, 0.9728947877883911, 0.95770263671875, 0.9644688963890076, 0.9805450439453125, 0.9676070213317871, 0.7928978800773621, 0.8108385801315308, 1.0000001192092896, 1.0, 0.9999999403953552, 0.8254718780517578, 1.0, 1.0, 0.7960330247879028, 1.0, 0.9999999403953552, 1.0, 1.0000001192092896, 0.6418830156326294, 0.7831775546073914, 1.0, 0.7558392286300659, 0.754399299621582, 1.0, 0.9999998807907104, 1.0, 1.0, 1.0000001192092896, 0.7947591543197632, 0.9592434167861938, 0.8681955337524414, 0.9294019937515259, 0.9294019937515259, 0.8681955337524414, 0.7464723587036133, 1.0, 1.0, 0.9999999403953552, 1.0000001192092896, 1.0, 1.0, 0.8117905855178833, 0.7799733877182007, 0.8354729413986206, 1.0, 0.9999998807907104, 1.0, 1.0, 1.0, 1.0, 0.9999998807907104, 0.8204286098480225, 0.8377232551574707, 0.8204286098480225, 0.8377232551574707]
rel_size average sem score: [1.0, 1.0, 0.7866652011871338, 0.7360835075378418, 0.7072939276695251, 0.7592143416404724, 0.9999998807907104, 0.9277157783508301, 1.0, 1.0, 1.0, 0.8254718780517578, 1.0, 1.0, 1.0000001192092896, 0.7947591543197632]
can_do_it average sem score: [1.0, 1.0, 1.0, 1.0, 0.9999998807907104, 1.0, 0.9999999403953552, 0.9999999403953552, 0.800331711769104, 1.0, 1.0, 1.0, 1.0, 0.9999999403953552, 1.0, 1.0, 1.0, 0.7413179278373718, 0.8474647998809814, 0.9999998211860657, 0.9999999403953552]
is_a_dif average sem score: [0.998429536819458, 0.9983826875686646, 0.9972879886627197, 0.9960064888000488, 1.0, 1.0000001192092896, 0.9974081516265869, 0.8520208597183228, 0.9999999403953552, 0.9592432975769043, 0.868195652961731, 0.9294021129608154, 0.9294021129608154, 0.868195652961731, 1.0, 1.0, 1.0, 1.0000001192092896, 0.8204284906387329, 0.8377232551574707, 0.8204284906387329, 0.8377232551574707]
risky average sem score: [1.0000001192092896, 0.7654474973678589, 0.9999998807907104, 0.9999999403953552, 1.0, 0.7975168228149414, 1.0, 1.000000238418579, 0.9999999403953552, 0.9999999403953552, 0.7960330247879028, 1.0000001192092896]
equip average sem score: [1.0000001192092896, 1.0, 0.9946815371513367, 0.99195396900177, 0.9999999403953552, 1.0, 1.0, 0.36354708671569824, 0.4194546341896057, 0.5175058245658875, 0.5707036852836609, 0.09058312326669693]
obj_facts average sem score: [1.0, 1.0, 1.0, 1.0000001192092896, 1.0, 0.9999999403953552, 0.8117904663085938, 0.7799731492996216, 0.8354729413986206, 1.0, 0.9999998807907104, 1.0000001192092896]
quake average sem score: [0.9748959541320801, 1.0, 0.9999998807907104, 0.60444176197052, 1.0]
instr average sem score: [0.9999998807907104, 0.743453860282898, 0.9728947877883911, 0.95770263671875, 0.9644688963890076, 0.9805450439453125, 0.9676070213317871, 0.7928978800773621, 0.8108384609222412, 0.9999998807907104, 0.9999999403953552, 1.0, 0.6418828368186951, 0.783177375793457, 0.9999998807907104, 0.7558392286300659, 0.7543994188308716, 1.0000001192092896, 1.0]

***MODEL IS equip***
overall average sem score: [0.9999999403953552, 1.0, 0.7866649627685547, 0.9999999403953552, 1.0, 1.0, 0.9018617868423462, 0.6170405745506287, 0.9999998807907104, 1.0, 0.9999999403953552, 0.9999999403953552, 0.800331711769104, 1.0, 1.0, 0.7755459547042847, 0.8264123201370239, 0.9999999403953552, 1.0, 1.0, 0.8377079963684082, 1.0, 0.8003877997398376, 0.9999999403953552, 1.0, 0.19462428987026215, 1.0, 1.0, 0.5285168290138245, 1.0, 0.7975172996520996, 1.0, 1.0, 1.0, 0.9999998807907104, 0.9972879886627197, 0.9960065484046936, 0.9017571210861206, 1.0000001192092896, 0.9999998807907104, 0.8520208597183228, 0.9999999403953552, 0.4561583399772644, 0.9999999403953552, 1.0000001192092896, 0.4680063724517822, 0.6669526696205139, 0.9999998807907104, 1.0, 0.9946814775466919, 0.9999998807907104, 1.0, 0.9999999403953552, 1.0, 0.3635472059249878, 0.14953643083572388, 0.23260736465454102, 0.23922599852085114, 0.09058349579572678, 0.9175461530685425, 0.7592143416404724, 0.490825891494751, 0.9719287753105164, 0.9999998807907104, 0.9716038703918457, 0.9728948473930359, 0.7653272151947021, 0.7515765428543091, 0.9805449843406677, 0.9676070213317871, 0.7928978800773621, 0.8108386397361755, 1.0, 1.0, 0.9999998807907104, 0.8254717588424683, 0.7760789394378662, 1.0, 0.9999998807907104, 0.7725518941879272, 0.9999999403953552, 1.0, 1.0000001192092896, 0.6962600946426392, 0.7831775546073914, 1.0, 0.7558392286300659, 0.7852708101272583, 1.0, 0.8108648657798767, 1.0, 1.0, 1.0000001192092896, 0.7947591543197632, 0.9592434167861938, 0.8681955337524414, 0.9294019937515259, 0.9294019937515259, 0.8681955337524414, 0.7464723587036133, 1.0, 1.0, 0.9999999403953552, 1.0000001192092896, 1.0, 1.0, 0.8117905855178833, 1.000000238418579, 0.8354729413986206, 1.0000001192092896, 0.9999998807907104, 1.0000001192092896, 1.0, 1.0, 1.0, 0.9999998807907104, 0.8204286098480225, 0.784015417098999, 0.8204286098480225, 0.8377232551574707]
rel_size average sem score: [0.9999999403953552, 1.0000001192092896, 0.7866650223731995, 0.9999999403953552, 0.9175459146499634, 0.7592142820358276, 0.4908260405063629, 0.9719286561012268, 1.0, 1.0, 1.0, 0.8254718780517578, 1.0, 1.0, 1.0000001192092896, 0.7947591543197632]
can_do_it average sem score: [1.0, 1.0, 0.9018617272377014, 0.6170405149459839, 1.0, 1.0, 1.0, 0.9999999403953552, 0.800331711769104, 1.0, 1.0, 0.7755459547042847, 0.8264123201370239, 0.9999999403953552, 1.0, 1.0, 0.837708055973053, 1.0, 0.8003877997398376, 0.9999998807907104, 0.9999999403953552]
is_a_dif average sem score: [1.0, 0.9999998807907104, 0.9972879886627197, 0.9960065484046936, 0.9017571210861206, 1.0000001192092896, 0.9999998807907104, 0.852020800113678, 0.9999999403953552, 0.9592432975769043, 0.868195652961731, 0.9294021129608154, 0.9294021129608154, 0.868195652961731, 1.0, 1.0, 1.0, 1.0000001192092896, 0.8204284906387329, 0.7840152978897095, 0.8204284906387329, 0.8377232551574707]
risky average sem score: [0.19462427496910095, 1.0, 1.0, 0.5285168886184692, 1.0000001192092896, 0.7975172996520996, 1.0000001192092896, 1.0000001192092896, 0.7760790586471558, 0.9999998807907104, 1.0000001192092896, 0.7725518941879272]
equip average sem score: [1.0000001192092896, 1.0, 0.9946815371513367, 1.0, 0.9999999403953552, 1.0, 1.0, 0.36354708671569824, 0.14953693747520447, 0.23260736465454102, 0.23922616243362427, 0.09058307111263275]
obj_facts average sem score: [1.0, 1.0, 1.0, 1.0000001192092896, 1.0, 0.9999999403953552, 0.8117904663085938, 0.9999998807907104, 0.8354729413986206, 1.0, 0.9999998807907104, 1.0000001192092896]
quake average sem score: [0.45615819096565247, 0.9999999403953552, 0.9999998807907104, 0.46800678968429565, 0.6669524908065796]
instr average sem score: [1.0, 0.9716038703918457, 0.9728948473930359, 0.7653272151947021, 0.7515765428543091, 0.9805449843406677, 0.9676070213317871, 0.7928978800773621, 0.8108384609222412, 0.9999998807907104, 0.9999999403953552, 1.0, 0.6962603330612183, 0.783177375793457, 0.9999998807907104, 0.7558392286300659, 0.7852708101272583, 1.0000001192092896, 0.8108649253845215]

***MODEL IS obj_facts***
overall average sem score: [0.9999999403953552, 1.0, 0.8362172245979309, 0.7781040072441101, 1.0, 1.0, 1.0000001192092896, 1.0, 0.9999998807907104, 1.0, 0.8247802257537842, 0.9999999403953552, 0.800331711769104, 1.0, 1.0, 0.7755459547042847, 1.0, 1.0, 1.0, 1.0000001192092896, 1.0, 1.0, 0.37332817912101746, 1.0, 1.0, 1.0, 1.0, 1.0, 0.9999999403953552, 1.0, 0.7975168228149414, 0.9999999403953552, 1.0, 1.0, 0.9999998807907104, 1.000000238418579, 1.0, 0.9999998807907104, 0.8658465147018433, 0.9999998807907104, 0.9999998807907104, 0.9999999403953552, 0.9748959541320801, 0.9999999403953552, 1.0000001192092896, 0.6044414639472961, 0.9999998807907104, 0.9999998807907104, 0.9999999403953552, 1.0000001192092896, 0.7432829737663269, 0.9999998807907104, 1.0, 1.0, 0.36354726552963257, 0.1886415183544159, 0.5175061225891113, 0.2817534804344177, 0.09058380126953125, 1.0, 0.9719288349151611, 0.06422164291143417, 1.0, 0.9999999403953552, 0.9716038703918457, 0.9728948473930359, 0.9577026963233948, 0.9644688963890076, 0.9805449843406677, 0.9676070213317871, 0.7928978800773621, 0.9999999403953552, 1.0000001192092896, 0.805233359336853, 0.9999998807907104, 1.0, 1.0, 1.0, 0.47443240880966187, 0.42974919080734253, 0.9999999403953552, 1.0, 0.7924375534057617, 0.9999999403953552, 0.7831775546073914, 1.0, 1.0000001192092896, 0.754399299621582, 0.5736789703369141, 1.0, 0.5621483325958252, 0.6154652833938599, 1.0000001192092896, 0.7947590947151184, 0.9592435359954834, 0.8681955337524414, 0.9294019937515259, 0.9294019937515259, 0.8681954741477966, 0.802971363067627, 0.6250729560852051, 1.0, 1.0, 1.0000001192092896, 1.0, 1.0, 0.9897689819335938, 1.000000238418579, 0.8354729413986206, 1.0000001192092896, 0.9999998807907104, 1.0000001192092896, 0.9999999403953552, 1.0, 1.0, 0.9999998807907104, 0.08799150586128235, 0.16992108523845673, 0.5891600847244263, 1.0]
rel_size average sem score: [0.9999999403953552, 1.0, 0.8362171649932861, 0.7781041264533997, 0.9999999403953552, 0.9719287157058716, 0.06422211229801178, 0.9999999403953552, 1.0, 0.805233359336853, 1.0, 1.0, 0.5621474981307983, 0.6154651641845703, 1.0, 0.7947591543197632]
can_do_it average sem score: [1.0, 1.0, 1.0, 1.0000001192092896, 1.0, 1.0, 0.824780285358429, 1.0, 0.800331711769104, 1.0, 1.0, 0.7755459547042847, 1.0, 0.9999999403953552, 1.0, 1.0, 1.0, 1.0, 0.3733283281326294, 1.0, 0.9999999403953552]
is_a_dif average sem score: [1.0, 0.9999998807907104, 1.000000238418579, 1.0, 0.9999998807907104, 0.8658465147018433, 0.9999998807907104, 1.0, 0.9999999403953552, 0.9592432975769043, 0.868195652961731, 0.9294021129608154, 0.9294021129608154, 0.868195652961731, 1.0, 1.0, 1.0, 1.0, 0.08799149841070175, 0.16992132365703583, 0.5891602039337158, 1.0]
risky average sem score: [1.0000001192092896, 1.0, 0.9999998807907104, 0.9999999403953552, 1.0, 0.7975168228149414, 1.0, 1.000000238418579, 0.9999998807907104, 0.9999999403953552, 0.4744323194026947, 0.4297495186328888]
equip average sem score: [1.0, 1.0, 1.0, 0.7432829141616821, 1.0, 1.0, 0.9999999403953552, 0.3635469973087311, 0.1886419653892517, 0.5175062417984009, 0.2817533612251282, 0.09058321267366409]
obj_facts average sem score: [0.6250729560852051, 1.0, 1.0, 1.0000001192092896, 1.0, 1.0, 0.989768922328949, 0.9999998807907104, 0.8354729413986206, 1.0, 0.9999998807907104, 1.0000001192092896]
quake average sem score: [0.9748959541320801, 1.0, 0.9999998807907104, 0.60444176197052, 1.0]
instr average sem score: [1.0, 0.9716038703918457, 0.9728948473930359, 0.9577026963233948, 0.9644688963890076, 0.9805449843406677, 0.9676070213317871, 0.7928978800773621, 0.9999999403953552, 0.9999998807907104, 0.9999999403953552, 0.7924375534057617, 0.9999998807907104, 0.783177375793457, 0.9999998807907104, 1.0, 0.7543994784355164, 0.5736786723136902, 0.9999999403953552]

***MODEL IS quake***
overall average sem score: [0.9999999403953552, 1.0, 1.0, 0.7410668134689331, 1.0, 1.0, 1.0000001192092896, 1.0, 0.9999998807907104, 1.0, 0.9999999403953552, 0.9999999403953552, 0.800331711769104, 1.0, 1.0, 1.0, 0.8264123201370239, 0.9999999403953552, 1.0, 1.0, 0.8377079963684082, 1.0, 0.8003877997398376, 0.8236643075942993, 1.0, 0.7664971351623535, 0.7654474377632141, 0.7672043442726135, 0.9999999403953552, 0.7330150604248047, 0.7975168228149414, 0.9999999403953552, 1.0, 1.0, 0.9999998807907104, 0.8054112195968628, 1.0, 0.9999998807907104, 0.8512539267539978, 0.9999998807907104, 0.8576072454452515, 0.9999999403953552, 0.9748959541320801, 0.9999999403953552, 1.0000001192092896, 0.6044414639472961, 0.9999998807907104, 0.9999998807907104, 0.9999999403953552, 1.0000001192092896, 0.9999999403953552, 0.8345094919204712, 1.0, 1.0, 0.3089997172355652, 0.1886415183544159, 0.5175060629844666, 0.57070392370224, 0.09058357775211334, 0.9719287157058716, 0.9719287157058716, 1.0, 1.0, 0.9999999403953552, 0.9716038703918457, 0.9728948473930359, 0.9577026963233948, 0.9644688963890076, 0.9805449843406677, 0.9676070213317871, 1.0, 0.9999999403953552, 1.0, 0.8055994510650635, 0.8132299184799194, 1.0, 1.0, 1.0, 0.9999998807907104, 0.7725518941879272, 0.9999999403953552, 1.0, 0.7517989873886108, 0.9647759199142456, 0.7831775546073914, 1.0, 0.7558392286300659, 0.9999999403953552, 1.0, 0.9999998807907104, 1.0, 1.0, 0.8786938786506653, 0.9999999403953552, 0.9592434167861938, 0.8681955337524414, 0.9294019937515259, 0.9294019937515259, 0.8681955337524414, 0.8029712438583374, 1.0, 1.0, 0.9999999403953552, 1.0000001192092896, 1.0, 0.7675759792327881, 0.7217777371406555, 0.7799733877182007, 0.8354729413986206, 1.0, 0.9999998807907104, 1.0, 1.0, 0.7730426788330078, 0.8051056861877441, 0.9999998211860657, 0.8204285502433777, 0.8377231955528259, 0.9999998807907104, 0.8377231955528259]
rel_size average sem score: [0.9999999403953552, 1.0, 1.0, 0.7410668134689331, 0.971928596496582, 0.971928596496582, 0.9999999403953552, 0.9999999403953552, 1.0, 0.8055994510650635, 0.8132299184799194, 1.0, 1.0, 1.0, 0.8786938786506653, 0.9999999403953552]
can_do_it average sem score: [1.0, 1.0, 1.0, 1.0, 0.9999998807907104, 1.0, 0.9999999403953552, 0.9999999403953552, 0.800331711769104, 1.0, 1.0, 1.0, 0.8264123201370239, 0.9999999403953552, 1.0, 1.0, 0.837708055973053, 1.0, 0.8003877997398376, 0.8236643671989441, 0.9999999403953552]
is_a_dif average sem score: [1.0, 0.9999998807907104, 0.8054112195968628, 1.0, 0.9999998807907104, 0.8512539267539978, 0.9999998807907104, 0.8576072454452515, 0.9999999403953552, 0.9592432975769043, 0.868195652961731, 0.9294021129608154, 0.9294021129608154, 0.868195652961731, 1.0, 0.7730427980422974, 0.8051056861877441, 0.9999999403953552, 0.8204285502433777, 0.8377232551574707, 0.9999998807907104, 0.8377232551574707]
risky average sem score: [0.7664971351623535, 0.7654474973678589, 0.7672042846679688, 0.9999999403953552, 0.7330150604248047, 0.7975168228149414, 1.0, 1.000000238418579, 0.9999998807907104, 0.9999998807907104, 1.0000001192092896, 0.7725518941879272]
equip average sem score: [1.0, 1.0, 1.0, 1.0, 0.8345094919204712, 1.0, 0.9999999403953552, 0.30899983644485474, 0.1886419653892517, 0.5175062417984009, 0.5707040429115295, 0.09058321267366409]
obj_facts average sem score: [1.0, 1.0, 1.0, 1.0000001192092896, 1.0, 0.7675758004188538, 0.721777617931366, 0.7799731492996216, 0.8354729413986206, 1.0, 0.9999998807907104, 1.0000001192092896]
quake average sem score: [0.9748959541320801, 1.0, 0.9999998807907104, 0.60444176197052, 1.0]
instr average sem score: [1.0, 0.9716038703918457, 0.9728948473930359, 0.9577026963233948, 0.9644688963890076, 0.9805449843406677, 0.9676070213317871, 1.0, 0.9999999403953552, 0.9999998807907104, 0.9999999403953552, 0.7517989873886108, 0.964775800704956, 0.783177375793457, 0.9999998807907104, 0.7558392286300659, 1.0, 1.0000001192092896, 1.0]

***MODEL IS instr***
overall average sem score: [0.7895976305007935, 0.7834712266921997, 0.7552233338356018, 0.7860301733016968, 0.9457639455795288, 0.9535356760025024, 0.9584603905677795, 1.0000001192092896, 0.8941535353660583, 0.9530618190765381, 0.753812849521637, 0.7553917169570923, 0.8138573169708252, 0.9672173261642456, 0.9777573347091675, 0.7764793634414673, 0.9641010165214539, 0.9688339829444885, 0.96171635389328, 0.9661768078804016, 0.7689189910888672, 0.9664604663848877, 0.7704977989196777, 0.9536228179931641, 0.7293977737426758, 0.7500445246696472, 0.9632922410964966, 0.7330284118652344, 0.8399932980537415, 0.6792314052581787, 0.7479625940322876, 0.9650114178657532, 0.9693670272827148, 0.998429536819458, 0.9983826875686646, 0.9972879886627197, 0.9960064888000488, 0.9929990768432617, 0.9935043454170227, 0.9974081516265869, 0.8520208597183228, 0.9999999403953552, 0.633156418800354, 0.9807369112968445, 0.9643976092338562, 0.6044414639472961, 0.9665204286575317, 0.966880202293396, 0.989930272102356, 0.9946815371513367, 0.9919539093971252, 0.820131242275238, 0.9662840366363525, 0.979033350944519, 0.27442434430122375, 0.4194544553756714, 0.3035277724266052, 0.28175342082977295, 0.09058354049921036, 0.7888450026512146, 0.759214460849762, 0.7335277199745178, 0.7888450026512146, 1.0, 0.9716038703918457, 0.9728948473930359, 0.9577026963233948, 0.7097080945968628, 0.9805449843406677, 0.9676070213317871, 0.7928978800773621, 0.9999999403953552, 0.772468626499176, 0.9653573632240295, 0.7420637607574463, 0.7416763305664062, 0.7489292621612549, 0.715726912021637, 0.9629882574081421, 0.7490363121032715, 0.9790056943893433, 1.0, 0.7584530115127563, 0.958389163017273, 0.777101457118988, 0.744057297706604, 0.9750951528549194, 0.9999999403953552, 0.9826520085334778, 0.7148483991622925, 0.8206642866134644, 1.0, 0.8654063940048218, 0.8055181503295898, 0.9592435359954834, 0.9294021129608154, 0.9294019937515259, 0.9294019937515259, 0.8681955337524414, 0.9509963393211365, 0.9857286810874939, 0.9805026054382324, 0.9999999403953552, 0.977839469909668, 0.9542419910430908, 0.9619232416152954, 0.9640785455703735, 0.9537428617477417, 0.8105934858322144, 0.7490214705467224, 0.9585766196250916, 0.9645764827728271, 0.9642696380615234, 0.9490106701850891, 0.959732711315155, 0.9517031908035278, 0.8204285502433777, 0.8377231955528259, 0.8204285502433777, 0.8377231955528259]
rel_size average sem score: [0.7895976305007935, 0.7834712266921997, 0.7552233338356018, 0.7860301733016968, 0.7888447642326355, 0.7592143416404724, 0.7335279583930969, 0.7888447642326355, 0.7724685668945312, 0.9653573632240295, 0.7420639395713806, 0.741676390171051, 0.8206642866134644, 1.0, 0.8654063940048218, 0.8055181503295898]
can_do_it average sem score: [0.945763885974884, 0.9535357356071472, 0.9584603309631348, 1.0, 0.8941535353660583, 0.9530618190765381, 0.7538129687309265, 0.7553916573524475, 0.8138573169708252, 0.9672173261642456, 0.9777573347091675, 0.7764793634414673, 0.9641009569168091, 0.9688340425491333, 0.9617162942886353, 0.9661768674850464, 0.768919050693512, 0.9664605259895325, 0.7704977989196777, 0.9536226987838745, 0.7293975949287415]
is_a_dif average sem score: [0.998429536819458, 0.9983826875686646, 0.9972879886627197, 0.9960064888000488, 0.9929990768432617, 0.9935043454170227, 0.9974081516265869, 0.8520208597183228, 0.9999999403953552, 0.9592432975769043, 0.9294021129608154, 0.9294021129608154, 0.9294021129608154, 0.868195652961731, 0.964269757270813, 0.9490106105804443, 0.959732711315155, 0.9517033100128174, 0.8204285502433777, 0.8377232551574707, 0.8204285502433777, 0.8377232551574707]
risky average sem score: [0.7500445246696472, 0.9632921814918518, 0.7330284118652344, 0.8399933576583862, 0.6792314648628235, 0.7479625940322876, 0.965011477470398, 0.9693671464920044, 0.7489292621612549, 0.7157269716262817, 0.9629883170127869, 0.7490363121032715]
equip average sem score: [0.9668803215026855, 0.9899301528930664, 0.9946815371513367, 0.99195396900177, 0.8201311826705933, 0.9662840366363525, 0.9790332317352295, 0.27442434430122375, 0.41945505142211914, 0.30352795124053955, 0.2817533612251282, 0.09058321267366409]
obj_facts average sem score: [0.9857286214828491, 0.9805026054382324, 1.0, 0.977839469909668, 0.9542419910430908, 0.9619232416152954, 0.964078426361084, 0.9537426233291626, 0.8105934858322144, 0.7490212917327881, 0.9585766792297363, 0.9645763635635376]
quake average sem score: [0.6331565380096436, 0.9807368516921997, 0.9643975496292114, 0.60444176197052, 0.9665205478668213]
instr average sem score: [1.0, 0.9716038703918457, 0.9728948473930359, 0.9577026963233948, 0.7097080945968628, 0.9805449843406677, 0.9676070213317871, 0.7928978800773621, 0.9999999403953552, 0.9790058135986328, 0.9999999403953552, 0.7584530115127563, 0.9583892226219177, 0.7771013975143433, 0.744057297706604, 0.9750951528549194, 1.0, 0.9826520085334778, 0.7148481607437134]

***MODEL IS all***
overall average sem score: [0.8880806565284729, 1.0, 0.8362171649932861, 0.16188649833202362, 0.8000079393386841, 1.0, 1.0, 1.0, 1.0, 1.0, 1.0, 0.4609367847442627, 0.800331711769104, 1.0, 0.9999999403953552, 0.5409388542175293, 1.0, 0.9999999403953552, 1.0, 1.0, 1.0, 1.0, 1.0, 0.9999999403953552, 1.0, 1.0, 1.0, 1.0, 0.9999999403953552, 1.0, 0.7975168228149414, 0.9999999403953552, 1.0, 1.0, 0.9999998807907104, 1.0, 1.0, 0.7636433839797974, 0.7523787021636963, 0.9999999403953552, 0.9999998807907104, 1.0, 0.059585973620414734, 0.6187150478363037, 1.0000001192092896, 0.4680064618587494, 1.0, 0.9999998807907104, 1.0, 1.0, 0.4875560402870178, 1.0, 0.9999998807907104, 1.0, -0.06379138678312302, 0.41945478320121765, 0.23260745406150818, 0.2817534804344177, 0.09058380126953125, 0.16146886348724365, 0.1129310205578804, 0.304731160402298, 0.15627025067806244, 0.9999999403953552, 0.9716038703918457, 0.9728948473930359, 0.9577026963233948, 0.9644688963890076, 0.9805449843406677, 0.9676070213317871, 1.0, 0.9999999403953552, 1.0000001192092896, 1.0, 0.9999998807907104, 0.5400724411010742, 1.0, 1.0, 0.3311383128166199, 1.0, 0.9999998807907104, 0.9999998807907104, 0.7924374341964722, 0.6418834924697876, 0.7831774353981018, 0.6444586515426636, 1.0, 0.7852707505226135, 1.0, 0.9999998807907104, -0.0067687565460801125, -0.01547689363360405, 1.0, 0.794759213924408, 0.9592434763908386, 0.8681955337524414, 0.9294021725654602, 0.9294021725654602, 0.8681955337524414, 0.09429097175598145, 0.39161163568496704, 1.0, 1.0, 0.3270998001098633, 1.0, 0.07699614018201828, 0.4821910560131073, 1.000000238418579, 0.5330206155776978, 1.0, 0.9999999403953552, 0.50511234998703, 0.9999999403953552, 1.0, 1.0, 0.09632527828216553, 0.05458218976855278, 0.05674542486667633, 0.20250852406024933, 0.37483081221580505]
rel_size average sem score: [0.8880806565284729, 1.0, 0.8362171649932861, 0.16188649833202362, 0.16146910190582275, 0.11293147504329681, 0.3047316074371338, 0.15627045929431915, 1.0, 1.0, 1.0, 0.5400729179382324, -0.0067687565460801125, -0.01547689363360405, 1.0, 0.794759213924408]
can_do_it average sem score: [0.8000078201293945, 1.0, 0.9999999403953552, 1.0, 0.9999999403953552, 1.0, 0.9999999403953552, 0.46093636751174927, 0.800331711769104, 1.0, 0.9999999403953552, 0.5409388542175293, 1.0, 1.0, 1.0, 1.0, 1.0000001192092896, 1.0, 1.0, 0.9999998807907104, 0.9999999403953552]
is_a_dif average sem score: [1.0, 0.9999998807907104, 1.0, 1.0, 0.7636433839797974, 0.7523787021636963, 0.9999999403953552, 1.0, 0.9999999403953552, 0.9592432975769043, 0.868195652961731, 0.9294021129608154, 0.9294021129608154, 0.868195652961731, 1.0, 1.0, 1.0, 0.09632530808448792, 0.05458218604326248, 0.05674537271261215, 0.2025085985660553, 0.37483108043670654]
risky average sem score: [1.0000001192092896, 1.0, 0.9999998807907104, 0.9999999403953552, 1.0, 0.7975168228149414, 1.0, 1.000000238418579, 0.9999999403953552, 1.0, 0.33113783597946167, 1.0]
equip average sem score: [1.0000001192092896, 1.0, 0.9999999403953552, 0.4875560402870178, 0.9999999403953552, 0.9999998807907104, 1.0, -0.06379138678312302, 0.419454962015152, 0.2326073944568634, 0.28175315260887146, 0.09058307111263275]
obj_facts average sem score: [0.39161166548728943, 1.0, 1.0000001192092896, 0.3270998001098633, 1.0, 0.07699611037969589, 0.4821910858154297, 1.0, 0.5330206155776978, 1.0, 0.9999998807907104, 0.5051117539405823]
quake average sem score: [0.05958553031086922, 0.618715763092041, 0.9999999403953552, 0.4680067002773285, 1.0]
instr average sem score: [1.0, 0.9716038703918457, 0.9728948473930359, 0.9577026963233948, 0.9644688963890076, 0.9805449843406677, 0.9676070213317871, 1.0, 1.0, 0.9999998807907104, 0.9999998807907104, 0.7924374341964722, 0.6418834924697876, 0.7831774353981018, 0.6444586515426636, 1.0, 0.7852708101272583, 1.0000001192092896, 1.0]

